  -6.49984369465446       -2.72318807207421        5.38977351122818     
  -4.57275867768742      -0.210957603303029        3.29879002169274     
  -1.94515800633643       0.461230083544496       0.658129184906216     
   1.33906145452287      -0.815500745545677      -0.711435802156579     
   3.81110002594535       -3.68468876824449      -0.816881405753951     
   3.69318258664333       -7.04653854137398       -2.57609840253835     
   2.22978653437460       -7.84009727477237       -5.99063349121235     
   2.40097803644023       -4.57112589075934       -7.91955468207887     
   3.39316760359503      -0.926702043142255       -7.51280095553860     
   5.63393531059053        1.59563477982452       -5.76773924623547     
   7.94135245368295        1.86202739751869       -2.76219359585163     
   7.11061013056952        2.89290309533011       0.798357948520900     
   4.23821511920287        5.37765540612124       0.743920744529923     
   1.54775284883030        6.12359068462344       -1.82682877940717     
 -0.462152882297517        4.83812838512157       -4.76847182858306     
  -2.75127845833762        2.19404261610133       -6.20772758094165     
  -3.57543807376670       -1.48382310809326       -5.96375160856012     
  -3.54894902928050       -4.74655018478039       -4.07513182725779     
  -3.11977269212151       -6.55162782033240      -0.795373714040252     
  -1.54885605629878       -6.90788100132808        2.61673135174598     
  0.221928222009987       -5.19918442102631        5.48536373898043     
   2.28509034514765       -2.15030076871071        6.36096974791501     
   3.10621557790609        1.51003448178589        5.79976866118888     
  0.517984113042373        4.26872707626415        6.12657118576818     
  -1.94729362704368        6.57478579138422        4.39211092248601     
  -4.54608395012971        6.99828599379534        1.65901796055458     
  -6.39938687879012        5.57706010807933       -1.33453813290584     
  -8.34846404478831        2.45690434417745       -2.26965212506674     
  -9.27369076327550       -1.20567926459344       -1.90019430586289     
  -9.47964384405032       -4.53596747954170      -8.817716596968510E-002
